*COORDINATES
14
1 0 0
2 2 0
3 4 0
4 6 0
5 8 0
6 2 2
7 4 2
8 6 2
9 8 2
10 4 4
11 6 4
12 8 4
13 6 6
14 8 6

*ELEMENT_GROUPS
28
1 1 BAR
2 1 BAR
3 1 BAR
4 1 BAR
5 1 BAR
6 1 BAR
7 1 BAR
8 1 BAR
9 1 BAR
10 1 BAR
11 1 BAR
12 1 BAR
13 1 BAR
14 1 BAR
15 1 BAR
16 1 BAR
17 1 BAR
18 1 BAR
19 1 BAR
20 1 BAR
21 1 BAR
22 1 BAR
23 1 BAR
24 1 BAR
25 1 BAR
26 1 BAR
27 1 BAR
28 1 BAR

*INCIDENCES
1 1 2
2 2 3
3 3 4
4 4 5
5 6 7
6 7 8
7 8 9
8 10 11
9 11 12
10 13 14
11 2 6
12 3 7
13 7 10
14 4 8
15 8 11
16 11 13
17 5 9
18 9 12
19 12 14
20 1 6
21 6 10
22 10 13
23 2 7
24 7 11
25 4 9
26 4 7
27 9 11
28 12 13

*MATERIALS
28
210E9 1570E6 1570E6
210E9 1570E6 1570E6
210E9 1570E6 1570E6
210E9 1570E6 1570E6
210E9 1570E6 1570E6
210E9 1570E6 1570E6
210E9 1570E6 1570E6
210E9 1570E6 1570E6
210E9 1570E6 1570E6
210E9 1570E6 1570E6
210E9 1570E6 1570E6
210E9 1570E6 1570E6
210E9 1570E6 1570E6
210E9 1570E6 1570E6
210E9 1570E6 1570E6
210E9 1570E6 1570E6
210E9 1570E6 1570E6
210E9 1570E6 1570E6
210E9 1570E6 1570E6
210E9 1570E6 1570E6
210E9 1570E6 1570E6
210E9 1570E6 1570E6
210E9 1570E6 1570E6
210E9 1570E6 1570E6
210E9 1570E6 1570E6
210E9 1570E6 1570E6
210E9 1570E6 1570E6
210E9 1570E6 1570E6

*GEOMETRIC_PROPERTIES
28
225E-4
225E-4
225E-4
225E-4
225E-4
225E-4
225E-4
225E-4
225E-4
225E-4
225E-4
225E-4
225E-4
225E-4
225E-4
225E-4
225E-4
225E-4
225E-4
225E-4
225E-4
225E-4
225E-4
225E-4
225E-4
225E-4
225E-4
225E-4
225E-4
225E-4
225E-4

*BCNODES
6
1 1
1 2
2 2
3 2
4 2
5 1
5 2

*LOADS
6
6 2 -20E3
10 2 -20E3
13 2 -20E3
14 2 -20E3
14 1 16E3
12 1 16E3
