*DISPLACEMENTS
1 0 0 0
2 -3.039896642222096e-07 0 0
3 -3.0398966424534326e-07 0 0
4 -3.0398966417614543e-07 0 0
5 0 0 0
6 5.628605296714645e-06 -1.0878766950326729e-06 0
7 5.503872907090505e-06 -6.667675182619315e-06 0
8 4.771161189995838e-06 -7.327117170528594e-07 0
9 1.9947806944685413e-05 -1.3943329693504783e-05 0

*REACTION_FORCES
1 FX = -6439.34 
1 FY = -7943.483 
2 FY = 6886.967 
3 FY = 32991.713 
4 FY = 5129.607 
5 FX = -5560.66 
5 FY = -7064.804 

*ELEMENT_STRAINS
1 -1.0132988807406985e-07
2 -7.71122913312554e-18
3 2.3065937998486077e-17
4 1.0132988805871514e-07
5 7.567881002803288e-07
6 -3.6262556501089096e-07
7 -1.4330210188443355e-07
8 -2.222558394206438e-06
9 -1.4330210189211084e-07
10 -2.442372390176198e-07
11 6.730749121571632e-07
12 -4.157746320804658e-08
13 -2.442372390315556e-07
14 2.4395810824977624e-07
15 -2.425218170295156e-06
16 3.2767129637294174e-07

*ELEMENT_STRESSES
1 -21279.27649555467
2 -1.6193581179563634e-06
3 4.843846979682076e-06
4 21279.27649233018
5 158925.50105886903
6 -76151.3686522871
7 -30093.441395731046
8 -466737.262783352
9 -30093.441397343275
10 -51289.82019370015
11 141345.73155300427
12 -8731.267273689782
13 -51289.82019662667
14 51231.20273245301
15 -509295.81576198275
16 68810.97223831776
