*DISPLACEMENTS
1 0 0 0
2 3.412394027984387e-06 0 0
3 3.464892558382369e-06 0 0
4 3.5173910891214664e-06 0 0
5 0 -3.435606458590977e-05 0
6 2.7804523137409673e-05 -9.093944808268804e-06 0
7 2.8432859480867195e-05 -1.551724588966512e-05 0
8 3.350263264383267e-05 -2.2796216693285037e-05 0
9 3.8572405807403105e-05 -3.4356064585517484e-05 0
10 6.223700806661981e-05 -2.6593054961043584e-05 0
11 6.48472086751709e-05 -4.5592433387929913e-05 0
12 7.501553075149549e-05 -3.942583774793808e-05 0
13 0.00010602509431082381 -6.083052862005578e-05 0
14 0.00011279758108331058 -4.7891446213546546e-05 0

*REACTION_FORCES
1 FX = -23690.164 
1 FY = -15628.383 
2 FY = 13546.691 
3 FY = 36659.493 
4 FY = 45422.198 
5 FX = -8309.836 

*ELEMENT_STRAINS
1 1.7061970139921936e-06
2 2.624926519899085e-08
3 2.624926536954877e-08
4 -1.7586955445607332e-06
5 3.1416817172876104e-07
6 2.534886581482738e-06
7 2.534886581785217e-06
8 1.3051003042755481e-06
9 5.084161038162291e-06
10 3.386243386243381e-06
11 -4.546972404134402e-06
12 -7.75862294483256e-06
13 -5.537904535689232e-06
14 -1.1398108346642518e-05
15 -1.1398108347322438e-05
16 -7.619047616062934e-06
17 1.961423373979948e-16
18 -2.5348865812102984e-06
19 -4.232804232804233e-06
20 4.677644582285216e-06
21 4.233343694108838e-06
22 2.3876531462979507e-06
23 2.375804890804421e-06
24 1.5847904240097278e-06
25 1.747375331910397e-07
26 2.3495556255201517e-06
27 3.7596085163388407e-06
28 2.401218171802655e-06

*ELEMENT_STRESSES
1 358301.37293836067
2 5512.3456917880785
3 5512.345727605241
4 -369326.06435775396
5 65975.31606303982
6 532326.182111375
7 532326.1821748955
8 274071.0638978651
9 1067673.818014081
10 711111.11111111
11 -954864.2048682244
12 -1629310.8184148376
13 -1162959.9524947389
14 -2393602.752794929
15 -2393602.7529377122
16 -1599999.9993732162
17 4.118989085357891e-05
18 -532326.1820541626
19 -888888.8888888889
20 982305.3622798955
21 889002.1757628559
22 501407.1607225697
23 498919.02706892847
24 332805.9890420428
25 36694.88197011834
26 493406.6813592319
27 789517.7884311565
28 504255.8160785576
