*DISPLACEMENTS
1 0 0 0
2 1.614996952639747e-07 0 0
3 4.662295164218088e-07 0 0
4 7.70959337590248e-07 0 0
5 0 0 0
6 1.9072245033843668e-06 -1.0903103088693047e-06 0
7 1.7849257271060382e-06 -2.0285420049362434e-06 0
8 2.595085983745709e-06 -8.101602566423496e-07 0
9 3.825968431564972e-06 -5.276003294508645e-06 0

*REACTION_FORCES
1 FX = -2228.199 
1 FY = -1429.098 
2 FY = 6103.568 
3 FY = 10037.243 
4 FY = 9331.199 
5 FX = -9771.801 
5 FY = 5957.087 

*ELEMENT_STRAINS
1 5.3833231754658234e-08
2 1.0157660705261137e-07
3 1.0157660705614639e-07
4 -2.56986445863416e-07
5 1.3615236575251036e-07
6 -3.6343676962310153e-07
7 -6.751932884903e-08
8 -6.761806683120811e-07
9 -5.070847324086723e-07
10 -2.7005341888078316e-07
11 -5.675410400646765e-07
12 -4.076625875944285e-08
13 2.700534188798904e-07
14 -3.778248429097893e-07
15 -1.0824870965241338e-06
16 -9.494542476142597e-07

*ELEMENT_STRESSES
1 11304.978668478228
2 21331.087481048387
3 21331.087481790742
4 -53967.15363131736
5 28591.996808027176
6 -76321.72162085133
7 -14179.0590582963
8 -141997.94034553703
9 -106487.79380582119
10 -56711.21796496446
11 -119183.61841358208
12 -8560.914339482999
13 56711.21796477698
14 -79343.21701105576
15 -227322.2902700681
16 -199385.39199899454
